camera_matrix:
- - 346.489958920575
  - 0.0
  - 318.7063269861155
- - 0.0
  - 345.3274121125698
  - 235.38118383920846
- - 0.0
  - 0.0
  - 1.0
dist_coeff:
- - 0.1574401630851245
  - -1.7795219978612473
  - -0.0031584361237096442
  - 0.00524108784045255
  - 5.725731418708219
