camera_matrix:
- - 465.0111650781739
  - 0.0
  - 340.0136670609331
- - 0.0
  - 464.28645227894935
  - 255.9181179992105
- - 0.0
  - 0.0
  - 1.0
dist_coeff:
- - -0.30809603450403866
  - 8.337731377108708
  - 0.030073898838145676
  - 0.02656054078038749
  - -34.49442563801914
