camera_matrix:
- - 489.2620090405967
  - 0.0
  - 321.6965189603675
- - 0.0
  - 492.67412103403547
  - 194.23226128103133
- - 0.0
  - 0.0
  - 1.0
dist_coeff:
- - 0.1260477597725214
  - 0.946873423031346
  - -0.04162228389156968
  - 0.0038414123137688262
  - -11.17162264495479
