camera_matrix:
- - 436.1818281360117
  - 0.0
  - 326.80605034793285
- - 0.0
  - 437.0745634478621
  - 262.99737465006643
- - 0.0
  - 0.0
  - 1.0
dist_coeff:
- - 0.1662385173162488
  - -0.3798605882781645
  - 0.019984957517413176
  - 0.004841849402277061
  - 0.012264879680565813
