camera_matrix:
- - 415.05710581371414
  - 0.0
  - 341.0669781011424
- - 0.0
  - 415.11065535592013
  - 265.2949456418211
- - 0.0
  - 0.0
  - 1.0
dist_coeff:
- - -0.0770194178574987
  - 1.751540175014821
  - 0.028234134309562085
  - 0.020490822590528344
  - -6.389794769500591
