camera_matrix:
- - 417.6948923176331
  - 0.0
  - 316.0514364482542
- - 0.0
  - 418.409680025868
  - 247.58778411518227
- - 0.0
  - 0.0
  - 1.0
dist_coeff:
- - 0.08303938453267756
  - -0.81702093479261
  - 0.0008708503437351882
  - 0.002638742981302924
  - 0.5609795118425713
