camera_matrix:
- - 346.71709530617153
  - 0.0
  - 314.0257274723582
- - 0.0
  - 344.0316995515308
  - 240.03001354144536
- - 0.0
  - 0.0
  - 1.0
dist_coeff:
- - 0.02949246613803585
  - 0.03447948342520763
  - -0.004887157409025173
  - -0.005595375228331158
  - -0.3895171035871714
