camera_matrix:
- - 414.77495915874107
  - 0.0
  - 318.424388448034
- - 0.0
  - 416.36303894057556
  - 257.6370444685857
- - 0.0
  - 0.0
  - 1.0
dist_coeff:
- - 0.041241810470470104
  - -0.5029966231257291
  - 0.009466043107014453
  - -0.013742963953358273
  - 1.1317015795646215
