camera_matrix:
- - 445.55062048843075
  - 0.0
  - 314.84499490056743
- - 0.0
  - 448.601192832449
  - 250.15179333949467
- - 0.0
  - 0.0
  - 1.0
dist_coeff:
- - 0.17385364972806175
  - -0.4616473643464144
  - 0.008717192889798742
  - -0.0059656104209247435
  - 0.10517552584833152
