camera_matrix:
- - 514.7687308046881
  - 0.0
  - 306.23090847332395
- - 0.0
  - 516.156290697715
  - 217.03892188179532
- - 0.0
  - 0.0
  - 1.0
dist_coeff:
- - -0.39367045319937133
  - 1.8024907270368424
  - 0.0030412373162374408
  - -0.03447101763273091
  - -2.9406351913016455
