camera_matrix:
- - 1139.3891385869513
  - 0.0
  - 337.79853547251986
- - 0.0
  - 1373.687280346668
  - 217.4758370173998
- - 0.0
  - 0.0
  - 1.0
dist_coeff:
- - -0.9348329703482261
  - 14.376423919331817
  - 0.13735366578494096
  - -0.08624925286914922
  - -55.82082244921201
