camera_matrix:
- - 478.7604680086877
  - 0.0
  - 341.6267740147612
- - 0.0
  - 500.5056333250406
  - 305.5507332431891
- - 0.0
  - 0.0
  - 1.0
dist_coeff:
- - 0.7175118951730667
  - -3.8254602562362496
  - 0.0329411597149641
  - -0.020969363802384098
  - 5.266261863539732
