camera_matrix:
- - 445.33004221100407
  - 0.0
  - 317.0002955128216
- - 0.0
  - 448.6420764051205
  - 224.9779498647942
- - 0.0
  - 0.0
  - 1.0
dist_coeff:
- - -0.11925449003459725
  - 0.38993627492001387
  - -0.02420706324804379
  - -0.002766786214873936
  - 0.5735633723594519
