camera_matrix:
- - 449.9143212043064
  - 0.0
  - 340.9386359807879
- - 0.0
  - 472.4015420336286
  - 333.0465278494706
- - 0.0
  - 0.0
  - 1.0
dist_coeff:
- - 0.27474814988493174
  - -0.8246687661632947
  - 0.033873963455734755
  - -0.009223674473722614
  - 0.6893951952798135
