camera_matrix:
- - 467.3022110926979
  - 0.0
  - 313.47218880742656
- - 0.0
  - 465.18340466647925
  - 241.79328607080149
- - 0.0
  - 0.0
  - 1.0
dist_coeff:
- - 0.18294584960178029
  - -1.1705874731211887
  - -0.00990180182712018
  - -0.005005259569748776
  - 1.7064765707278862
