camera_matrix:
- - 418.9696713933942
  - 0.0
  - 327.8743598953403
- - 0.0
  - 418.558322990162
  - 246.09406653351175
- - 0.0
  - 0.0
  - 1.0
dist_coeff:
- - 0.129357496403287
  - -0.3413247872598178
  - 0.0022730695142452015
  - 0.0023386727708249937
  - 0.23521634732547395
