camera_matrix:
- - 606.4845509612428
  - 0.0
  - 444.20682662573915
- - 0.0
  - 618.2835613158603
  - 258.27768309690714
- - 0.0
  - 0.0
  - 1.0
dist_coeff:
- - -0.703948668990554
  - 1.8116723181769627
  - -0.022608334415357846
  - -0.027717420906116324
  - -1.9140813011813385
