camera_matrix:
- - 709.031182756879
  - 0.0
  - 307.71097353625726
- - 0.0
  - 708.5065669050391
  - 241.14746109165523
- - 0.0
  - 0.0
  - 1.0
dist_coeff:
- - -0.021323376096748385
  - 3.2211718862700076
  - 0.0016130949487861074
  - -0.0040947907659922445
  - -34.39221597249328