camera_matrix:
- - 794.9698295936067
  - 0.0
  - 270.27661695442583
- - 0.0
  - 801.4342301342331
  - 295.3130772115008
- - 0.0
  - 0.0
  - 1.0
dist_coeff:
- - 0.3610435084379353
  - -10.127092251216965
  - 0.03524579898824431
  - -0.0015143894276267531
  - 73.20600623310696
