camera_matrix:
- - 514.3661094599182
  - 0.0
  - 299.8812346388034
- - 0.0
  - 518.1797692233706
  - 266.49392150286843
- - 0.0
  - 0.0
  - 1.0
dist_coeff:
- - 0.06232170079210883
  - -0.6439543452627373
  - -0.004962727725868517
  - -0.0038258308111755656
  - 1.258903275110396
