camera_matrix:
- - 606.7200847264082
  - 0.0
  - 335.9819915882169
- - 0.0
  - 606.1034665904325
  - 257.5821755998832
- - 0.0
  - 0.0
  - 1.0
dist_coeff:
- - 0.05861792401357077
  - -1.3354382221064514
  - 0.012957902521071868
  - 0.011398956018805527
  - 8.823871716200228
