camera_matrix:
- - 520.7471775802503
  - 0.0
  - 275.82650586789845
- - 0.0
  - 518.7068017210376
  - 281.2207351868553
- - 0.0
  - 0.0
  - 1.0
dist_coeff:
- - -0.13677923220318158
  - 0.2788206142623036
  - 0.00931754387304677
  - -0.008256975370128148
  - -0.018150247696523802
