camera_matrix:
- - 423.9689113963305
  - 0.0
  - 430.99817485949325
- - 0.0
  - 418.88765535860506
  - 289.911175417772
- - 0.0
  - 0.0
  - 1.0
dist_coeff:
- - -0.4558267770845584
  - 0.6103415066235105
  - -0.011232769724949538
  - -0.02033513769281336
  - -0.4580284864465765
