camera_matrix:
- - 615.6413236416441
  - 0.0
  - 313.2887647736424
- - 0.0
  - 615.251877029388
  - 264.63550682495713
- - 0.0
  - 0.0
  - 1.0
dist_coeff:
- - -0.5069149641421138
  - 9.186938537526169
  - 0.010897341310867005
  - -0.0025923462651275707
  - -56.4075710643316
