camera_matrix:
- - 393.08726526109547
  - 0.0
  - 298.58963672139896
- - 0.0
  - 393.2905803083521
  - 320.7500066853327
- - 0.0
  - 0.0
  - 1.0
dist_coeff:
- - 0.08646700640180598
  - -0.7220359336746777
  - -0.01125305801611694
  - -0.008013219257427475
  - 1.1108697596221697
