camera_matrix:
- - 638.6296303446602
  - 0.0
  - 279.19962798873695
- - 0.0
  - 635.4353043004039
  - 257.2004036132339
- - 0.0
  - 0.0
  - 1.0
dist_coeff:
- - 0.6993787610195965
  - -10.382951421860017
  - 0.007032759832511922
  - -0.029913313199704774
  - 39.1154369421214
