camera_matrix:
- - 566.8137623690511
  - 0.0
  - 318.37459170716573
- - 0.0
  - 567.2700948161728
  - 275.59013692442755
- - 0.0
  - 0.0
  - 1.0
dist_coeff:
- - -0.11194718473258423
  - -0.7139773146439798
  - 0.009650931610710263
  - -0.0029705030889534798
  - 10.029226206120738
