camera_matrix:
- - 420.8988840431626
  - 0.0
  - 326.44160064469037
- - 0.0
  - 421.1084139218423
  - 224.48395602960804
- - 0.0
  - 0.0
  - 1.0
dist_coeff:
- - 0.21068785361216683
  - -1.5002221724863543
  - -0.023567839032483492
  - 0.014018555025026998
  - 1.4473571144072328
