camera_matrix:
- - 411.70876054765716
  - 0.0
  - 348.82710971404833
- - 0.0
  - 412.25045385182153
  - 230.06679922784917
- - 0.0
  - 0.0
  - 1.0
dist_coeff:
- - 0.04549590976600516
  - 0.5018066875952728
  - -0.013042384337263124
  - 0.03299616596350713
  - -3.941833763237626
