camera_matrix:
- - 737.0452244683803
  - 0.0
  - 331.18434081925085
- - 0.0
  - 753.9633393893246
  - 216.00406193548773
- - 0.0
  - 0.0
  - 1.0
dist_coeff:
- - 1.281162468543754
  - -17.381345418644457
  - -0.07703009004069733
  - 0.0907925953342927
  - 54.459376835191506
