camera_matrix:
- - 416.2239244030781
  - 0.0
  - 328.41828148645783
- - 0.0
  - 423.6011957056808
  - 224.83221718992962
- - 0.0
  - 0.0
  - 1.0
dist_coeff:
- - 0.13061265241549272
  - -1.6886401933802102
  - -0.01455361899399406
  - 0.03962116748122142
  - 3.1489746241655765
