camera_matrix:
- - 404.5589137306614
  - 0.0
  - 361.17226450681017
- - 0.0
  - 404.0990019008276
  - 218.41290834834393
- - 0.0
  - 0.0
  - 1.0
dist_coeff:
- - -0.0787650232302539
  - -1.0423624302220247
  - -0.03715962371389404
  - 0.0617159503301557
  - 3.5510972348468632
