camera_matrix:
- - 382.51341080977204
  - 0.0
  - 340.86588068630897
- - 0.0
  - 379.8293564779364
  - 250.05404784125597
- - 0.0
  - 0.0
  - 1.0
dist_coeff:
- - 0.15259559223612162
  - -0.7879939816754714
  - 0.0017378148799506543
  - 0.013843917928842374
  - 0.2732531011906685
